0.0
0.0
-0.139698565006
-0.206351399422
0.441261202097
-0.92454624176
-12.1001653671
-5.58672857285
17.4593925476
-3.82166624069
-11.2179508209
-3.94546055794
-9.73815536499
-2.31050920486
-16.5579299927
-17.1664276123
-12.6632061005
-87.7681427002
-102.418411255
-22.2263336182
-31.5151195526
3.4586045742
0.877073824406
15.2800292969
25.0916481018
13.0127296448
17.166343689
-0.0388073921204
-24.6223335266
31.10014534
38.9205207825
65.9475631714
56.5825881958
61.2163543701
65.5281524658
66.6491699219
4.74395227432
25.1551361084
-11.8375329971
-11.4628419876
3.35264992714
10.437210083
71.0299682617
78.9580154419
28.5967998505
9.30797481537
11.3295450211
-10.2758703232
-2.99964523315
-16.7936229706
-40.405456543
-26.9675731659
45.3340377808
55.7769927979
36.6922340393
61.7943725586
51.108959198
93.7992935181
73.0643310547
13.6609401703
-12.0703620911
10.7121629715
-18.4469966888
-15.3345193863
-12.5687227249
-94.1290969849
-17.7414474487
43.0378990173
-18.8640518188
-256.602386475
-451.746246338
-485.697601318
-118.980010986
-73.1353530884
-75.9087142944
-54.5489883423
-72.1438293457
-90.8550491333
-86.0361022949
-84.1772994995
-72.8924942017
-89.9406585693
16.0881195068
15.5693302155
20.5855236053
-0.373276919127
84.1484985352
490.019287109
511.091674805
354.707733154
120.639846802
95.3646774292
84.4767227173
77.4975280762
92.3421325684
69.8722229004
94.8087463379
21.4369564056
-21.2108268738
-3.63357710838
-20.9789237976
-1.22460317612
57.1709747314
60.5555114746
57.2025489807
-478.500488281
-522.956726074
-509.159210205
-487.392242432
-480.486968994
-485.540222168
-166.957260132
-80.0954437256
-76.6529006958
-72.6202850342
-83.7556915283
-72.3209533691
-80.214805603
-83.7764282227
-69.5712280273
-82.2725143433
-73.1549758911
2.69591355324
26.9307403564
24.5277442932
31.1300354004
18.3840694427
6.16603708267
-16.0701541901
1.62198770046
11.1028633118
-51.1591567993
-72.6797027588
-89.0712203979
29.3711662292
2.33444094658
14.8614215851
14.3946886063
29.6104698181
21.8341350555
28.2119865417
-48.8712768555
-44.9072990417
-18.7422828674
-19.1686706543
-35.755569458
-19.7573375702
-17.9763774872
8.84396362305
3.96402812004
-23.0897731781
12.6631040573
6.94128131866
6.83710193634
2.2364764618e-07
6.87795193244e-07
1.26449293703e-07
