0.0
-1.19157426442e-07
-1.19157426442e-07
-1.19160749909e-07
-1.19119704613e-07
2.50781177178e-07
-4.0350574487e-05
-0.000102114748011
-0.00042021635757
-0.000677170947457
-0.000894680106209
-0.00101259659932
-0.000908762344839
-0.00389298646608
0.00354333227372
0.00904228130945
0.0146803238416
0.0182753108671
0.022042453264
0.00886301510511
0.101677490722
0.31867240596
0.567906475523
0.803425567719
1.0389778007
1.28791696495
1.52854506738
1.76682479103
2.02251307373
2.24980286643
2.4940282941
2.73800873775
2.97455765955
3.23374883023
3.46905215122
3.70073054099
3.90926163855
3.98559690143
4.00684495798
4.0108282184
4.00161161094
3.98626242834
3.97737112527
3.96710231251
3.95131331065
3.93318611818
3.90972944216
3.88938564897
3.88071027714
3.87422328494
3.86450740719
3.85037318408
3.84330123589
3.84088060468
3.85324182629
3.8670762085
3.88003542867
3.88124680337
3.89055972123
3.91133521411
3.95043684627
3.99503877287
4.01867006062
4.02587808346
4.0401012516
4.07330611003
4.27534026851
4.51758006013
4.76349577152
5.01260073888
5.27349133596
5.52890929486
5.78712376654
6.01529163909
6.07836513328
6.06742837028
6.04532186751
6.01071228956
5.9930912122
5.98515241082
5.96699244259
5.95749470372
5.94977717325
5.95627491918
5.90557354983
5.69843258398
5.46871779609
5.22690608695
4.98482775589
4.73954478855
4.49687467301
4.24630560844
4.04968670975
3.98478196778
3.97415419113
3.99534433644
3.99027347162
3.97768531726
3.97125776973
3.99278885057
3.99148894863
3.98309810826
3.97084832781
3.9809998076
3.98173347959
3.97587464564
3.97163729938
3.97873583704
3.99384171077
4.02013699864
4.04699404152
4.08473416284
4.12321650963
4.15997315867
4.20391251215
4.24795458642
4.25578783634
4.23642021458
4.20660269631
4.1764440385
4.15789259885
4.13534745256
4.10586676857
4.083830384
4.05676428849
4.01490338773
3.98640365467
3.97727364627
3.98602570819
3.97798228808
3.98969327613
3.88471809798
3.65026533835
3.40044375039
3.14791606785
2.90641866873
2.76259816938
2.70140367486
2.66320423501
2.63108017835
2.59363044885
2.55350111365
2.52762823675
2.48562615237
2.447576813
2.41203970469
2.38045059507
2.33661144324
2.30768336169
2.28010408837
2.23609035042
2.20089532368
2.1740358328
2.13814859722
2.10338993313
2.08224541433
2.0552623898
2.03423905063
2.01121806901
2.01234625971
2.01826531114
2.02641632774
2.04222940995
2.04993562941
2.05334943279
2.05185092805
2.03628197464
2.00961195155
1.98695760428
1.97783473224
1.97928124567
1.99879309352
2.15342191864
2.38184394463
2.61268055884
2.85517404228
3.10041573177
3.28451934675
3.35536148744
3.41665935999
3.47093561372
3.51935538544
3.57447422157
3.62071367817
3.66511879388
3.70689511573
3.73565363477
3.75746032715
3.78443079899
3.81293225992
3.83787846165
3.86017000095
3.87977005297
3.90577891651
3.93285944199
3.96104797087
4.00234476559
4.01591411729
4.01207991265
4.01679925887
4.02241499564
4.02160530043
4.02553420072
4.03209279868
4.04289783921
4.02760497756
4.01078497946
4.01127097154
4.02530286343
4.02141170846
3.97614748259
3.79366265481
3.5594760789
3.32147584382
3.0895738281
2.84882244889
2.59841743511
2.35764670142
2.10936973932
1.86504737757
1.62177873606
1.36348700054
1.10861620398
0.864183995043
0.765397503811
0.724733163346
0.68187241273
0.641347418607
0.614190456865
0.582568884293
0.547784878518
0.510688588751
0.471598026194
0.439029985497
0.405211933796
0.377635844442
0.339427276956
0.315973599159
0.287905890403
0.270405556343
0.247663234512
0.221355699572
0.201254509188
0.181651431056
0.159038342623
0.136405159446
0.118644024884
0.084496350705
0.0420206982874
-0.00314595968357
-0.0140607570256
-0.0114587274944
-0.0149152522111
-0.0119965929227
-0.00676778851563
-0.00146704973835
0.00605909296159
0.0083480522836
0.0110618116204
0.0225164446853
0.0403472397686
0.0588657229206
0.0834789416406
0.102708152935
0.135921956137
0.163204332195
0.181685138466
0.183583570894
0.145697506843
0.104445976723
0.0598648793527
0.0152145888688
-0.0227087718022
-0.0267344236715
-0.000262301326507
0.00135073048313
0.0101668446653
0.0181286216459
0.0188930541629
-0.079586195158
-0.301195390117
-0.552986357421
-0.798538024567
-1.05444886695
-1.32278791576
-1.57717369171
-1.82274585413
-2.02898156144
-2.0672503646
-2.04258484079
-2.0073950702
-1.99332675819
-1.99851387926
-1.99887280991
-2.00040991654
-1.99826778598
-1.99551313256
-1.99424557269
-2.13173605303
-2.36315659971
-2.60693670584
-2.83977575365
-3.09176548153
-3.32685141637
-3.56480718012
-3.81107381948
-4.04906450705
-4.16392836274
-4.17146960831
-4.16350692263
-4.14991362802
-4.13150661655
-4.11053551124
-4.08281509354
-4.05757479331
-4.04074664413
-4.01721144438
-3.99505523989
-3.996386683
-3.99749336555
-4.14744701404
-4.37768790642
-4.61764867809
-4.86172162936
-5.09492078999
-5.33977673818
-5.59224843856
-5.78853128608
-5.86357827061
-5.91364286007
-5.97372335444
-6.02615934785
-6.04590450229
-6.04279510692
-6.03465724709
-6.01886376668
-6.01831649926
-6.03440408057
-6.01817858828
