0.0
0.0
-0.0432006828487
0.787998259068
0.512409389019
0.64726626873
5.93930912018
9.25080871582
36.1140785217
482.271820068
501.156066895
475.537719727
479.403808594
489.919128418
477.539398193
481.619659424
503.619110107
15.1411161423
-40.8248023987
13.5216064453
16.9818782806
418.459503174
481.258605957
472.443328857
479.216064453
478.375579834
487.301818848
530.174865723
510.553283691
160.933502197
-30.8666591644
-41.768157959
-21.7142372131
2.35111856461
-19.3310756683
-23.3460083008
-17.0433731079
-10.1589374542
410.88659668
472.828765869
477.93347168
469.25390625
155.320404053
12.4102802277
-39.8578414917
-13.8183898926
-31.1540527344
1.51344585419
481.485473633
479.870239258
498.185943604
501.792816162
39.1765556335
-14.1734848022
-39.2789230347
-42.9764213562
6.40613079071
4.96395111084
-28.490316391
-8.4541387558
30.9672279358
468.991912842
517.813293457
525.461364746
522.48248291
29.2151966095
-31.2872753143
-79.8183059692
0.134305521846
-11.7248134613
-18.3738479614
-6.34487962723
8.72521305084
-15.4274845123
-0.0664105415344
-0.267396867275
6.68974542618
-12.4834241867
27.873670578
12.0833530426
4.44548797607
-33.0988960266
440.220153809
506.98928833
506.054260254
488.766387939
132.816329956
40.2498588562
13.866853714
-7.20986890793
-48.8401603699
-50.0089187622
-82.7362747192
22.7297134399
-7.10336351395
-10.5057659149
-16.4740161896
62.7651672363
454.733673096
495.400604248
488.834594727
472.93862915
117.98285675
-21.8338699341
-6.94303655624
19.7167949677
17.9901733398
22.311876297
6.86776733398
1.79998409748
-1.57806456089
-29.9551925659
7.66785097122
17.6815700531
46.4743156433
-39.8852386475
21.6310348511
-31.6580581665
4.44226741791
-11.100279808
0.440737009048
-15.1304883957
-415.994384766
-487.372009277
-492.189025879
-464.918670654
-484.040313721
-499.310638428
-512.050170898
-502.931365967
-501.817626953
11.4649429321
78.2824325562
69.4601135254
92.9065856934
44.7344245911
16.2825298309
479.064819336
507.259460449
506.609771729
528.788269043
21.5091342926
-41.021068573
-65.5582504272
-28.2982769012
251.530899048
472.33416748
487.363189697
526.88092041
552.003051758
535.917236328
528.43182373
524.655334473
523.96472168
-1.37675101541e-06
-3.16407351875e-07
-1.11403971914e-06
