0.0
0.0
0.0
-2.42500013433e-10
-3.1319615417e-10
2.07776354178e-05
0.000553780783233
0.000936602550501
0.00133352420588
-0.00635141250902
-0.013953486013
-0.0241051132079
0.00608061086159
0.012913272445
0.0169500874323
0.0267659575631
0.0431611150609
0.04914279988
0.0519881779013
0.0608265422928
0.0688820467255
0.000816272052038
-0.0256873936842
-0.00492220723208
-0.0283380244728
-0.200876855754
-0.662293895486
-1.18684718271
-1.67745316837
-2.14951778856
-2.61254283272
-3.10460067273
-3.6123300398
-4.00011490826
-4.04442573089
-4.02776129337
-4.00306576531
-4.0272693293
-4.0144076124
-4.02846142669
-3.98198282531
-3.98828468699
-4.01675277009
-4.05050401923
-4.07253864906
-4.07352989788
-4.09449359676
-4.03656066575
-3.98977076282
-3.97910222974
-3.96207299219
-3.97586823274
-3.96621687469
-3.93209674687
-3.88681388772
-3.80451461101
-3.77702438808
-3.80985871685
-3.86659877372
-3.91421759957
-4.00795141309
-4.01718924675
-3.9838356461
-4.01183189862
-4.30927645432
-4.73034490201
-5.21443250256
-5.69899677404
-6.03917386657
-6.02253968604
-5.98453866787
-5.99387443003
-6.00087047873
-5.9862921635
-5.96063716507
-5.97722892947
-6.02100675288
-6.01895445147
-6.02351159786
-6.00945202547
-6.00572043878
-5.99587386532
-5.99501256633
-5.98419398603
-6.16714557727
-6.62086678401
-7.08831783632
-7.54990725376
-7.96821511495
-8.01514213684
-8.03221454254
-7.99985162044
-8.01771358112
-8.01529539782
-8.02955255182
-8.06842125711
-8.09399572729
-8.03579101506
-7.97680244245
-7.99765589383
-8.00998405229
-8.01023931187
-7.9991632294
-7.99182116995
-7.98583431625
-7.99570816388
-7.99153454461
-7.98284127008
-7.99256476618
-8.21716001823
-8.6743300662
-9.17058577888
-9.64311528593
-9.91557753497
-10.0057687369
-10.0039158367
-9.98203073613
-9.99447461023
-10.0121233532
-10.038983965
-10.0723199711
-10.122761773
-10.1127543744
-10.0383824238
-9.9900034353
-9.98604081363
-10.0008961807
-10.0173467445
-10.0277228576
-10.0097660303
-10.0189874551
-9.97795451012
-9.97706322778
-9.91801565089
-9.4728152301
-8.95774810221
-8.48285835315
-7.99609758
-7.47302986985
-6.98410258905
-6.54374862367
-5.98190499143
-5.62982936927
-5.65727365001
-5.71557799186
-5.77573350667
-5.84658088022
-5.90053144472
-5.95751360188
-6.00733881663
-6.01517408718
-5.9890859678
-5.97090720558
-5.94622534921
-5.95096356766
-5.9957692683
-5.98338297405
-6.01294399076
-6.06346184716
-6.14032922842
-6.22675129859
-6.27450321073
-6.19356834942
-6.13647027106
-6.04781178032
-5.98965228018
-5.97658256635
-5.99285989584
-6.02042696242
-6.21134591376
-6.36957776743
-6.54015581025
-6.6401577832
-6.58816579087
-6.52904025938
-6.44273516388
-6.34144534447
-6.22354617659
-6.12290353954
-6.04149511091
-5.95927078365
-5.93239957043
-5.89565556837
-5.86438598747
-5.82191824766
-5.78250670117
-5.71189827298
-5.67078498445
-5.61748901345
-5.56949257186
-5.5479581268
