0.0
0.0
0.0
0.0
0.0
0.0
0.0
0.0
0.5
0.5
0.5
0.5
0.5
0.5
0.5
0.5
0.5
-0.07
-0.07
0.0
0.0
0.5
0.5
0.5
0.5
0.5
0.5
0.5
0.5
0.07
-0.07
-0.07
0.0
-0.07
0.0
-0.07
0.0
0.0
0.5
0.5
0.5
0.5
0.07
0.0
0.0
0.0
0.0
0.5
0.5
0.5
0.5
0.5
-0.07
-0.07
-0.07
-0.07
0.0
-0.07
0.0
0.0
0.0
0.5
0.5
0.5
0.5
-0.07
-0.07
-0.07
0.0
0.0
0.0
0.0
0.0
0.0
0.0
0.0
0.0
0.0
0.0
0.0
0.0
-0.07
0.5
0.5
0.5
0.5
0.0
0.0
0.0
-0.07
-0.07
-0.07
-0.07
0.07
0.0
0.0
0.0
0.5
0.5
0.5
0.5
0.07
0.0
-0.07
0.0
0.0
0.0
0.0
0.0
0.0
0.0
-0.07
0.0
0.0
0.0
-0.07
0.0
-0.07
0.0
0.0
0.0
0.0
-0.5
-0.5
-0.5
-0.5
-0.5
-0.5
-0.5
-0.5
-0.5
0.07
0.07
0.07
0.07
0.0
0.0
0.5
0.5
0.5
0.5
-0.07
-0.07
-0.07
0.0
0.5
0.5
0.5
0.5
0.5
0.5
0.5
0.5
0.5
0.5
0.5
0.5
