0.0
0.0
469.354644775
436.380065918
35.6605796814
2.92818188667
317.35446167
381.576965332
-11.0965356827
-88.4095840454
-39.5293922424
-48.3988227844
-43.7212333679
-33.2765541077
57.5502700806
69.4915847778
6.47437334061
-36.0567970276
-5.13150262833
-41.0984611511
-15.0208101273
38.1741600037
18.6262340546
35.2628211975
-7.97809028625
-68.3568649292
-36.2008972168
23.2757854462
49.8772125244
45.116733551
37.8726997375
-59.914894104
-39.7970466614
18.343711853
81.6594161987
45.3007164001
-51.7222480774
-59.4675331116
-14.9464130402
5.56849861145
47.3599815369
23.0101985931
65.0947418213
-5.4367442131
-22.3645153046
-27.034040451
-23.9515514374
-52.9614715576
-28.7900981903
46.0165481567
69.7950973511
-25.474281311
-29.0526180267
-32.4890670776
-19.4537124634
-58.5222396851
64.6358032227
54.1722984314
-60.0527877808
-31.1642513275
-56.6185569763
-12.6946573257
18.1408081055
54.5278549194
35.8827781677
34.6289749146
-51.9398460388
-44.6495437622
-7.56211233139
27.7586688995
4.74216747284
6.30074453354
-57.175151825
-61.2803115845
29.0317497253
54.9470481873
40.8164558411
-34.389213562
-38.1756248474
-42.7331581116
23.3441619873
43.2569389343
40.7013435364
13.7979278564
-50.9437484741
-77.3375167847
6.09391880035
101.989471436
57.8502578735
4.11646223068
-22.9383716583
-33.1696662903
-69.0569076538
-26.2967643738
23.4776229858
9.37532520294
21.6565685272
18.5577507019
36.2054138184
0.922752439976
-45.2762870789
-86.8241424561
10.466173172
78.381439209
68.5526580811
-14.2233686447
-23.7683200836
-59.5103759766
-40.2726821899
11.3011798859
39.3727836609
47.256072998
-34.6798553467
-53.6232910156
-56.2420425415
36.5062789917
24.5076713562
25.7607154846
23.7387065887
33.0319404602
-82.3953857422
-86.534828186
26.6921463013
37.8031959534
50.1696472168
2.34135961533
-64.5733413696
-36.2050971985
-38.2151756287
70.1923217773
57.9331665039
-9.62364387512
-60.9680213928
-69.4169769287
9.93647289276
31.3752536774
42.6003723145
-50.0127716064
-43.2906341553
29.5596370697
67.5004501343
70.2774581909
-18.9030284882
-65.6869049072
-369.486907959
-270.307189941
-2.61214327812
40.3058547974
40.431022644
38.4221191406
32.3582801819
-165.508071899
-469.835235596
-1277.71533203
-1.85559812849e-07
-5.79982213367e-07
-3.66434233001e-06
