0
0
0
29
29
88
954
1096
1108
1249
1644
1725
1722
1648
1589
1544
1489
1435
1464
1536
1563
1548
1520
1488
1434
1429
1453
1497
1544
1543
1515
1476
1441
1467
1497
1566
1581
1554
1526
1483
1439
1483
1540
1565
1548
1484
1432
1481
1547
1560
1530
1541
1487
1450
1467
1529
1570
1545
1510
1483
1441
1466
1515
1571
1544
1503
1471
1445
1488
1551
1551
1501
1468
1451
1489
1518
1545
1536
1489
1440
1455
1504
1555
1545
1499
1456
1473
1537
1554
1523
1505
1462
1444
1482
1525
1556
1512
1457
1447
1484
1520
1566
1525
1478
1437
1456
1481
1506
1540
1541
1471
1449
1512
1558
1542
1491
1436
1449
1470
1491
1521
1559
1526
1474
1424
1451
1497
1535
1563
1539
1507
1434
1419
1408
1434
1455
1476
1526
1553
1498
1435
1431
1453
1458
1483
1519
1567
1542
1508
1461
1470
1518
1576
1553
1503
1453
1103
854
905
973
1039
1084
1126
1151
1149
1067
1045
1220
1629
1647
1582
1557
1531
1522
1512
1480
1430
1355
1368
1410
1469
1439
1407
1364
1372
1432
1481
1366
937
407
29
